0 1 -0.0
0 8 -0.0
0 9 -0.0
1 0 -0.0
1 2 -0.0
1 8 -0.0
1 9 -0.0
1 10 -0.0
2 1 -0.0
2 3 -0.0
2 9 -0.0
2 10 -0.0
2 11 -0.0
3 2 -0.0
3 4 -0.0
3 10 -0.0
3 11 -0.0
3 12 -0.0
4 3 -0.0
4 5 -0.0
4 11 -0.0
4 12 -0.0
4 13 -0.0
5 4 -0.0
5 6 -0.0
5 12 -0.0
5 13 -0.0
5 14 -0.0
6 5 -0.0
6 7 -0.0
6 13 -0.0
6 14 -0.0
6 15 -0.0
7 6 -0.0
7 14 -0.0
7 15 -0.0
8 0 -0.0
8 1 -0.0
8 9 -0.0
8 16 -0.0
8 17 -0.0
9 0 -0.0
9 1 -0.0
9 2 -0.0
9 8 -0.0
9 10 -0.0
9 16 -0.0
9 17 -0.0
9 18 -0.0
10 1 -0.0
10 2 -0.0
10 3 -0.0
10 9 -0.0
10 11 -0.0
10 17 -0.0
10 18 -0.0
10 19 -0.0
11 2 -0.0
11 3 -0.0
11 4 -0.0
11 10 -0.0
11 12 -0.0
11 18 -0.0
11 19 -0.0
11 20 -0.0
12 3 -0.0
12 4 -0.0
12 5 -0.0
12 11 -0.0
12 13 -0.0
12 19 -0.0
12 20 -0.0
12 21 -0.0
13 4 -0.0
13 5 -0.0
13 6 -0.0
13 12 -0.0
13 14 -0.0
13 20 -0.0
13 21 -0.0
13 22 -0.0
14 5 -0.0
14 6 -0.0
14 7 -0.0
14 13 -0.0
14 15 -0.0
14 21 -0.0
14 22 -0.0
14 23 -0.0
15 6 -0.0
15 7 -0.0
15 14 -0.0
15 22 -0.0
15 23 -0.0
16 8 -0.0
16 9 -0.0
16 17 -0.0
16 24 -0.0
16 25 -0.0
17 8 -0.0
17 9 -0.0
17 10 -0.0
17 16 -0.0
17 18 -0.0
17 24 -0.0
17 25 -0.0
17 26 -0.0
18 9 -0.0
18 10 -0.0
18 11 -0.0
18 17 -0.0
18 19 -0.0
18 25 -0.0
18 26 -0.0
18 27 -0.0
19 10 -0.0
19 11 -0.0
19 12 -0.0
19 18 -0.0
19 20 -0.0
19 26 -0.0
19 27 -0.0
19 28 -0.0
20 11 -0.0
20 12 -0.0
20 13 -0.0
20 19 -0.0
20 21 -0.0
20 27 -0.0
20 28 -0.0
20 29 -0.0
21 12 -0.0
21 13 -0.0
21 14 -0.0
21 20 -0.0
21 22 -0.0
21 28 -0.0
21 29 -0.0
21 30 -0.0
22 13 -0.0
22 14 -0.0
22 15 -0.0
22 21 -0.0
22 23 -0.0
22 29 -0.0
22 30 -0.0
22 31 -0.0
23 14 -0.0
23 15 -0.0
23 22 -0.0
23 30 -0.0
23 31 -0.0
24 16 -0.0
24 17 -0.0
24 25 -0.0
24 32 -0.0
24 33 -0.0
25 16 -0.0
25 17 -0.0
25 18 -0.0
25 24 -0.0
25 26 -0.0
25 32 -0.0
25 33 -0.0
25 34 -0.0
26 17 -0.0
26 18 -0.0
26 19 -0.0
26 25 -0.0
26 27 -0.0
26 33 -0.0
26 34 -0.0
26 35 -0.0
27 18 -0.0
27 19 -0.0
27 20 -0.0
27 26 -0.0
27 28 -0.0
27 34 -0.0
27 35 -0.0
27 36 -0.0
28 19 -0.0
28 20 -0.0
28 21 -0.0
28 27 -0.0
28 29 -0.0
28 35 -0.0
28 36 -0.0
28 37 -0.0
29 20 -0.0
29 21 -0.0
29 22 -0.0
29 28 -0.0
29 30 -0.0
29 36 -0.0
29 37 -0.0
29 38 -0.0
30 21 -0.0
30 22 -0.0
30 23 -0.0
30 29 -0.0
30 31 -0.0
30 37 -0.0
30 38 -0.0
30 39 -0.0
31 22 -0.0
31 23 -0.0
31 30 -0.0
31 38 -0.0
31 39 -0.0
32 24 -0.0
32 25 -0.0
32 33 -0.0
32 40 -0.0
32 41 -0.0
33 24 -0.0
33 25 -0.0
33 26 -0.0
33 32 -0.0
33 34 -0.0
33 40 -0.0
33 41 -0.0
33 42 -0.0
34 25 -0.0
34 26 -0.0
34 27 -0.0
34 33 -0.0
34 35 -0.0
34 41 -0.0
34 42 -0.0
34 43 -0.0
35 26 -0.0
35 27 -0.0
35 28 -0.0
35 34 -0.0
35 36 -0.0
35 42 -0.0
35 43 -0.0
35 44 -0.0
36 27 -0.0
36 28 -0.0
36 29 -0.0
36 35 -0.0
36 37 -0.0
36 43 -0.0
36 44 -0.0
36 45 -0.0
37 28 -0.0
37 29 -0.0
37 30 -0.0
37 36 -0.0
37 38 -0.0
37 44 -0.0
37 45 -0.0
37 46 -0.0
38 29 -0.0
38 30 -0.0
38 31 -0.0
38 37 -0.0
38 39 -0.0
38 45 -0.0
38 46 -0.0
38 47 -0.0
39 30 -0.0
39 31 -0.0
39 38 -0.0
39 46 -0.0
39 47 -0.0
40 32 -0.0
40 33 -0.0
40 41 -0.0
40 48 -0.0
40 49 -0.0
41 32 -0.0
41 33 -0.0
41 34 -0.0
41 40 -0.0
41 42 -0.0
41 48 -0.0
41 49 -0.0
41 50 -0.0
42 33 -0.0
42 34 -0.0
42 35 -0.0
42 41 -0.0
42 43 -0.0
42 49 -0.0
42 50 -0.0
42 51 -0.0
43 34 -0.0
43 35 -0.0
43 36 -0.0
43 42 -0.0
43 44 -0.0
43 50 -0.0
43 51 -0.0
43 52 -0.0
44 35 -0.0
44 36 -0.0
44 37 -0.0
44 43 -0.0
44 45 -0.0
44 51 -0.0
44 52 -0.0
44 53 -0.0
45 36 -0.0
45 37 -0.0
45 38 -0.0
45 44 -0.0
45 46 -0.0
45 52 -0.0
45 53 -0.0
45 54 -0.0
46 37 -0.0
46 38 -0.0
46 39 -0.0
46 45 -0.0
46 47 -0.0
46 53 -0.0
46 54 -0.0
46 55 -0.0
47 38 -0.0
47 39 -0.0
47 46 -0.0
47 54 -0.0
47 55 -0.0
48 40 -0.0
48 41 -0.0
48 49 -0.0
48 56 -0.0
48 57 -0.0
49 40 -0.0
49 41 -0.0
49 42 -0.0
49 48 -0.0
49 50 -0.0
49 56 -0.0
49 57 -0.0
49 58 -0.0
50 41 -0.0
50 42 -0.0
50 43 -0.0
50 49 -0.0
50 51 -0.0
50 57 -0.0
50 58 -0.0
50 59 -0.0
51 42 -0.0
51 43 -0.0
51 44 -0.0
51 50 -0.0
51 52 -0.0
51 58 -0.0
51 59 -0.0
51 60 -0.0
52 43 -0.0
52 44 -0.0
52 45 -0.0
52 51 -0.0
52 53 -0.0
52 59 -0.0
52 60 -0.0
52 61 -0.0
53 44 -0.0
53 45 -0.0
53 46 -0.0
53 52 -0.0
53 54 -0.0
53 60 -0.0
53 61 -0.0
53 62 -0.0
54 45 -0.0
54 46 -0.0
54 47 -0.0
54 53 -0.0
54 55 -0.0
54 61 -0.0
54 62 -0.0
54 63 -0.0
55 46 -0.0
55 47 -0.0
55 54 -0.0
55 62 -0.0
55 63 -0.0
56 48 -0.0
56 49 -0.0
56 57 -0.0
57 48 -0.0
57 49 -0.0
57 50 -0.0
57 56 -0.0
57 58 -0.0
58 49 -0.0
58 50 -0.0
58 51 -0.0
58 57 -0.0
58 59 -0.0
59 50 -0.0
59 51 -0.0
59 52 -0.0
59 58 -0.0
59 60 -0.0
60 51 -0.0
60 52 -0.0
60 53 -0.0
60 59 -0.0
60 61 -0.0
61 52 -0.0
61 53 -0.0
61 54 -0.0
61 60 -0.0
61 62 -0.0
62 53 -0.0
62 54 -0.0
62 55 -0.0
62 61 -0.0
62 63 -0.0
63 54 -0.0
63 55 -0.0
63 62 -0.0
