0 0 -0.0
0 1 -0.0
0 6 -0.0
1 0 -0.0
1 1 -0.0
1 2 -0.0
1 7 -0.0
2 1 -0.0
2 2 -0.0
2 3 -0.0
2 8 -0.0
3 2 -0.0
3 3 -0.0
3 4 -0.0
3 9 -0.0
4 3 -0.0
4 4 -0.0
4 5 -0.0
4 10 -0.0
5 4 -0.0
5 5 -0.0
5 11 -0.0
6 0 -0.0
6 6 -0.0
6 7 -0.0
6 12 -0.0
7 1 -0.0
7 6 -0.0
7 7 -0.0
7 8 -0.0
7 13 -0.0
8 2 -0.0
8 7 -0.0
8 8 -0.0
8 9 -0.0
8 14 -0.0
9 3 -0.0
9 8 -0.0
9 9 -0.0
9 10 -0.0
9 15 -0.0
10 4 -0.0
10 9 -0.0
10 10 -0.0
10 11 -0.0
10 16 -0.0
11 5 -0.0
11 10 -0.0
11 11 -0.0
11 17 -0.0
12 6 -0.0
12 12 -0.0
12 13 -0.0
12 18 -0.0
13 7 -0.0
13 12 -0.0
13 13 -0.0
13 14 -0.0
13 19 -0.0
14 8 -0.0
14 13 -0.0
14 14 -0.0
14 15 -0.0
14 20 -0.0
15 9 -0.0
15 14 -0.0
15 15 -0.0
15 16 -0.0
15 21 -0.0
16 10 -0.0
16 15 -0.0
16 16 -0.0
16 17 -0.0
16 22 -0.0
17 11 -0.0
17 16 -0.0
17 17 -0.0
17 23 -0.0
18 12 -0.0
18 18 -0.0
18 19 -0.0
18 24 -0.0
19 13 -0.0
19 18 -0.0
19 19 -0.0
19 20 -0.0
19 25 -0.0
20 14 -0.0
20 19 -0.0
20 20 -0.0
20 21 -0.0
20 26 -0.0
21 15 -0.0
21 20 -0.0
21 21 -0.0
21 22 -0.0
21 27 -0.0
22 16 -0.0
22 21 -0.0
22 22 -0.0
22 23 -0.0
22 28 -0.0
23 17 -0.0
23 22 -0.0
23 23 -0.0
23 29 -0.0
24 18 -0.0
24 24 -0.0
24 25 -0.0
24 30 -0.0
25 19 -0.0
25 24 -0.0
25 25 -0.0
25 26 -0.0
25 31 -0.0
26 20 -0.0
26 25 -0.0
26 26 -0.0
26 27 -0.0
26 32 -0.0
27 21 -0.0
27 26 -0.0
27 27 -0.0
27 28 -0.0
27 33 -0.0
28 22 -0.0
28 27 -0.0
28 28 -0.0
28 29 -0.0
28 34 -0.0
29 23 -0.0
29 28 -0.0
29 29 -0.0
29 35 -0.0
30 24 -0.0
30 30 -0.0
30 31 -0.0
31 25 -0.0
31 30 -0.0
31 31 -0.0
31 32 -0.0
32 26 -0.0
32 31 -0.0
32 32 -0.0
32 33 -0.0
33 27 -0.0
33 32 -0.0
33 33 -0.0
33 34 -0.0
34 28 -0.0
34 33 -0.0
34 34 -0.0
34 35 -0.0
35 29 -0.0
35 34 -0.0
35 35 -0.0
